time          Rx_Lev_A_0    
----------------------------
1318.31        -88.61        
1324.09        -88.61        
1324.74        -88.62        
1325.52        -88.61        
1326.37        -88.62        
1327.11        -88.63        
1327.75        -88.62        
1328.38        -88.62        
1328.91        -88.62        
1329.54        -88.61        
1330.39        -88.61        
1330.95        -88.62        
1331.53        -88.63        
1332.32        -88.66        
1333.16        -88.65        
1333.77        -88.65        
1334.54        -88.66        
1335.35        -88.65        
1335.96        -88.65        
1336.56        -88.65        
1337.33        -88.63        
1338.00        -88.62        
1338.54        -88.63        
1339.36        -88.61        
1339.96        -88.60        
1340.57        -88.64        
1341.33        -88.63        
1341.93        -88.63        
1342.61        -88.62        
1343.35        -88.62        
1343.94        -88.63        
1344.61        -88.62        
1345.46        -88.63        
1345.94        -88.62        
1346.55        -88.63        
1347.37        -89.53        
1347.98        -91.27        
1348.57        -91.31        
1349.36        -91.29        
1350.00        -91.31        
1350.75        -91.30        
1351.35        -91.30        
1351.96        -91.29        
1352.63        -91.27        
1353.42        -91.27        
1353.99        -91.26        
1354.58        -91.25        
1355.38        -91.25        
1355.97        -91.26        
1356.58        -91.29        
1357.37        -91.28        
1357.96        -91.28        
1358.61        -91.26        
1359.43        -91.26        
1360.02        -91.25        
1360.58        -91.25        
1361.43        -91.25        
1362.04        -91.26        
1362.62        -91.25        
1363.43        -91.23        
1364.04        -91.25        
1364.58        -91.27        
1365.42        -91.27        
1366.03        -91.25        
1366.61        -91.26        
1367.40        -91.27        
1368.03        -91.27        
1368.81        -91.27        
1369.60        -91.27        
1370.39        -91.28        
1371.00        -91.28        
1371.62        -91.28        
1372.44        -91.27        
1373.04        -91.27        
1373.71        -91.26        
1374.46        -91.27        
1375.01        -91.26        
1375.61        -91.27        
1376.38        -91.28        
1377.01        -91.25        
1377.64        -91.25        
1378.42        -91.26        
1379.00        -91.27        
1379.63        -91.29        
1380.42        -91.27        
1381.04        -91.29        
1381.90        -91.26        
1382.65        -91.28        
1383.44        -91.27        
1384.05        -91.28        
1384.87        -91.30        
1385.61        -91.28        
1386.47        -91.28        
1387.01        -91.28        
1387.66        -91.28        
1388.26        -91.28        
1388.86        -91.27        
1389.70        -91.28        
1390.43        -91.29        
1391.04        -91.27        
1391.62        -91.27        
1392.45        -91.29        
1393.06        -91.27        
1393.66        -91.28        
1394.25        -91.25        
1394.87        -91.27        
1395.66        -91.26        
1396.24        -91.28        
1397.10        -91.31        
1398.04        -91.30        
1398.64        -91.29        
1399.23        -91.31        
1399.87        -91.28        
1400.65        -91.29        
1401.27        -91.28        
1401.89        -91.29        
1402.66        -91.26        
1403.29        -91.25        
1403.90        -91.25        
1404.73        -91.27        
1405.31        -91.25        
1405.88        -91.27        
1406.73        -91.25        
1407.29        -94.33        
1407.89        -94.24        
1408.72        -94.25        
1409.27        -94.23        
1409.87        -94.21        
1410.67        -94.23        
1411.27        -94.23        
1411.91        -94.22        
1412.72        -94.27        
1413.30        -94.27        
1413.90        -94.26        
1414.72        -94.29        
1415.26        -94.28        
1415.87        -94.27        
1416.74        -94.26        
1417.30        -94.24        
1417.91        -94.23        
1418.70        -94.24        
1419.29        -94.23        
1419.91        -94.24        
1420.70        -94.23        
1421.29        -94.23        
1421.89        -94.23        
1422.73        -94.23        
1423.35        -94.22        
1424.09        -94.26        
1424.72        -94.27        
1425.32        -94.26        
1425.94        -94.23        
1426.74        -94.24        
1427.29        -94.27        
1427.91        -94.26        
1428.72        -94.28        
1429.34        -94.28        
1430.13        -94.26        
1430.92        -94.29        
1431.75        -94.28        
1432.35        -94.27        
1433.14        -94.25        
1433.90        -94.26        
1434.79        -94.24        
1435.34        -94.25        
1435.96        -94.24        
1436.70        -94.24        
1437.34        -94.24        
1437.97        -94.23        
1438.69        -94.24        
1439.34        -94.24        
1439.96        -94.24        
1440.73        -94.23        
1441.35        -94.24        
1441.98        -94.23        
1442.74        -94.22        
1443.33        -94.23        
1443.92        -94.21        
1444.72        -94.21        
1445.35        -94.20        
1445.94        -94.22        
1446.73        -94.21        
1447.32        -94.24        
1447.92        -94.26        
1448.76        -94.25        
1449.36        -94.26        
1450.02        -94.24        
1450.81        -94.26        
1451.34        -94.25        
1451.95        -94.26        
1452.76        -94.24        
1453.33        -94.23        
1453.95        -94.23        
1454.76        -94.24        
1455.38        -94.24        
1456.18        -94.23        
1456.94        -94.22        
1457.78        -94.23        
1458.38        -94.23        
1459.16        -94.21        
1459.95        -94.23        
1460.57        -94.21        
1461.14        -94.21        
1461.99        -94.25        
1462.77        -94.29        
1463.37        -94.26        
1463.98        -94.25        
1464.61        -94.27        
1465.15        -94.26        
1465.99        -94.25        
1466.59        -94.27        
1467.22        -94.81        
1468.06        -97.33        
1468.61        -97.37        
1469.17        -97.36        
1469.99        -97.36        
1470.59        -97.35        
1471.22        -97.34        
1472.06        -97.36        
1472.60        -97.39        
1473.19        -97.36        
1473.96        -97.36        
1474.57        -97.38        
1475.18        -97.35        
1475.98        -97.35        
1476.59        -97.33        
1477.20        -97.40        
1478.01        -97.38        
1478.55        -97.38        
1479.22        -97.40        
1480.01        -97.37        
1480.62        -97.36        
1481.17        -97.39        
1482.02        -97.38        
1482.63        -97.34        
1483.17        -97.35        
1484.04        -97.35        
1484.60        -97.33        
1485.19        -97.35        
1486.01        -97.34        
1486.61        -97.33        
1487.25        -97.35        
1488.04        -97.37        
1488.58        -97.33        
1489.25        -97.36        
1490.00        -97.34        
1490.61        -97.34        
1491.21        -97.35        
1492.02        -97.33        
1492.63        -97.34        
1493.27        -97.36        
1494.01        -97.35        
1494.65        -97.35        
1495.19        -97.34        
1496.05        -97.35        
1496.63        -97.34        
1497.21        -97.35        
1498.02        -97.36        
1498.63        -97.35        
1499.28        -97.39        
1500.02        -97.38        
1500.63        -97.32        
1501.26        -97.37        
1502.07        -97.37        
1502.61        -97.34        
1503.21        -97.37        
1504.03        -97.36        
1504.63        -97.39        
1505.24        -97.38        
1506.03        -97.39        
1506.65        -97.36        
1507.31        -97.34        
1508.36        -97.34        
1509.00        -97.35        
1509.68        -97.38        
1510.30        -97.35        
1511.03        -97.36        
1511.66        -97.37        
1512.33        -97.39        
1513.08        -97.37        
1513.61        -97.37        
1514.28        -97.39        
1515.09        -97.45        
1515.62        -97.40        
1516.27        -97.36        
1517.06        -97.40        
1517.64        -97.37        
1518.25        -97.37        
1519.10        -97.34        
1519.68        -97.38        
1520.26        -97.35        
1521.07        -97.35        
1521.69        -97.38        
1522.25        -97.33        
1523.09        -97.32        
1523.66        -97.37        
1524.26        -97.38        
1524.86        -97.39        
1525.46        -97.39        
1526.26        -97.36        
1526.87        -97.35        
1527.50        -99.86        
1528.31        -99.92        
1529.08        -99.94        
1529.67        -99.91        
1530.31        -99.96        
1530.91        -99.95        
1531.68        -99.94        
1532.32        -99.89        
1532.86        -99.91        
1533.47        -99.90        
1534.33        -99.95        
1534.86        -99.96        
1535.47        -99.91        
1536.34        -99.97        
1536.89        -99.96        
1537.49        -99.89        
1538.35        -99.95        
1538.90        -99.93        
1539.56        -99.94        
1540.29        -99.94        
1540.89        -99.97        
1541.52        -99.95        
1542.32        -99.91        
1542.94        -99.90        
1543.50        -99.92        
1544.33        -99.92        
1544.92        -99.91        
1545.54        -99.94        
1546.32        -99.91        
1546.93        -99.89        
1547.53        -99.92        
1548.33        -99.92        
1548.94        -99.92        
1549.52        -99.92        
1550.35        -99.91        
1550.94        -99.91        
1551.54        -99.93        
1552.33        -99.94        
1552.92        -99.92        
1553.54        -99.91        
1554.35        -99.89        
1554.90        -99.94        
1555.76        -99.98        
1556.71        -99.95        
1557.33        -99.98        
1557.97        -99.94        
1558.71        -99.93        
1559.32        -99.94        
1559.96        -99.96        
1560.57        -99.93        
1561.36        -99.98        
1561.90        -99.92        
1562.51        -99.92        
1563.31        -99.94        
1563.96        -99.90        
1564.56        -99.92        
1565.39        -99.95        
1565.92        -99.94        
1566.52        -99.89        
1567.33        -99.89        
1568.00        -99.88        
1568.75        -99.92        
1569.57        -99.91        
1570.41        -99.93        
1571.00        -99.92        
1571.77        -99.93        
1572.58        -99.95        
1573.42        -100.01       
1574.32        -99.94        
1574.99        -99.96        
1575.81        -99.97        
1576.55        -99.93        
1577.33        -99.90        
1577.96        -99.88        
1578.58        -99.90        
1579.36        -99.93        
1579.95        -99.91        
1580.54        -99.88        
1581.38        -99.90        
1582.00        -99.95        
1582.79        -99.92        
1583.57        -99.96        
1584.39        -99.92        
1585.00        -99.96        
1585.80        -99.96        
1586.60        -99.90        
1587.36        -99.89        
1588.00        -99.94        
1588.60        -99.89        
1589.26        -100.80       
1590.00        -100.90       
1590.81        -102.78       
1591.69        -102.85       
1592.57        -102.83       
1593.18        -102.77       
1593.78        -102.80       
1594.58        -102.78       
1595.22        -102.80       
1595.77        -102.76       
1596.57        -102.74       
1597.17        -102.79       
1597.83        -102.83       
1598.61        -102.80       
1599.21        -102.78       
1600.01        -102.77       
1600.83        -102.78       
1601.62        -102.79       
1602.23        -102.73       
1602.78        -102.80       
1603.60        -102.81       
1604.20        -102.79       
1604.83        -102.84       
1605.61        -102.75       
1606.23        -102.78       
1606.82        -102.84       
1607.59        -102.77       
1608.20        -102.78       
1608.81        -102.81       
1609.60        -102.82       
1610.19        -102.80       
1610.79        -102.84       
1611.65        -102.78       
1612.20        -102.80       
1612.81        -102.78       
1613.62        -102.80       
1614.22        -102.84       
1614.82        -102.81       
1615.66        -102.82       
1616.24        -102.81       
1616.86        -102.82       
1617.62        -102.81       
1618.23        -102.85       
1618.81        -102.83       
1619.68        -102.81       
1620.25        -102.83       
1620.86        -102.77       
1621.65        -102.82       
1622.27        -102.79       
1623.05        -102.80       
1623.86        -102.78       
1624.68        -102.83       
1625.24        -102.80       
1625.85        -102.81       
1626.70        -102.81       
1627.26        -102.80       
1628.02        -102.81       
1628.93        -102.79       
1629.62        -102.82       
1630.26        -102.82       
1630.87        -102.82       
1631.67        -102.81       
1632.25        -102.80       
1633.07        -102.87       
1633.87        -102.81       
1634.68        -102.78       
1635.26        -102.80       
1635.88        -102.82       
1636.74        -102.80       
1637.64        -102.80       
1638.28        -102.81       
1639.07        -102.84       
1639.89        -102.82       
1640.70        -102.79       
1641.25        -102.82       
1641.85        -102.82       
1642.69        -102.80       
1643.27        -102.80       
1643.90        -102.84       
1644.75        -102.82       
1645.27        -102.84       
1646.09        -102.87       
1646.88        -102.81       
1647.69        -104.42       
1648.32        -104.21       
1649.05        -104.18       
1649.89        -104.18       
1650.46        -104.15       
1651.08        -104.19       
1651.87        -104.19       
1652.50        -104.14       
1653.12        -104.15       
1653.91        -104.13       
1654.66        -104.18       
1655.26        -104.14       
1655.90        -104.16       
1656.49        -104.16       
1657.15        -104.15       
1657.90        -104.18       
1658.46        -104.21       
1659.09        -104.16       
1659.89        -104.22       
1660.46        -104.14       
1661.13        -104.19       
1661.93        -104.19       
1662.51        -104.25       
1663.11        -104.19       
1663.92        -104.17       
1664.52        -104.16       
1665.11        -104.19       
1666.01        -104.19       
1666.53        -104.19       
1667.15        -104.16       
1667.94        -104.14       
1668.48        -104.14       
1669.09        -104.15       
1670.02        -104.17       
1670.55        -104.16       
1671.11        -104.18       
1671.91        -104.17       
1672.53        -104.17       
1673.12        -104.16       
1673.92        -104.20       
1674.51        -104.22       
1675.11        -104.20       
1675.92        -104.18       
1676.53        -104.20       
1677.13        -104.20       
1677.97        -104.19       
1678.50        -104.20       
1679.12        -104.21       
1679.93        -104.21       
1680.55        -104.20       
1681.11        -104.22       
1681.96        -104.15       
1682.57        -104.15       
1683.11        -104.15       
1683.97        -104.16       
1684.52        -104.17       
1685.15        -104.14       
1685.95        -104.19       
1686.55        -104.14       
1687.18        -104.13       
1687.98        -104.13       
1688.56        -104.15       
1689.17        -104.21       
1689.97        -104.22       
1690.58        -104.11       
1691.38        -104.16       
1692.17        -104.24       
1692.94        -104.12       
1693.53        -104.15       
1694.19        -104.18       
1694.98        -104.24       
1695.58        -104.20       
1696.17        -104.18       
1696.95        -104.23       
1697.56        -104.22       
1698.15        -104.20       
1699.00        -104.19       
1699.55        -104.19       
1700.15        -104.17       
1701.02        -104.20       
1701.60        -104.21       
1702.20        -104.24       
1703.01        -104.19       
1703.61        -104.16       
1704.36        -104.18       
1705.17        -104.21       
1705.98        -104.14       
1706.59        -104.17       
1707.29        -104.15       
1707.99        -104.13       
1708.56        -104.16       
1709.20        -104.15       
1709.97        -104.16       
1710.64        -104.21       
1711.35        -104.20       
1712.18        -104.13       
1712.98        -104.18       
1713.58        -104.16       
1714.23        -104.17       
1715.07        -104.16       
1715.58        -104.13       
1716.22        -104.13       
1717.02        -104.12       
1717.61        -104.19       
1718.25        -104.17       
1718.98        -104.20       
1719.60        -104.21       
1720.22        -104.21       
1720.80        -104.15       
1721.41        -104.20       
1722.33        -104.20       
1722.81        -104.17       
1723.43        -104.10       
1724.25        -104.11       
1724.78        -104.17       
1725.44        -104.18       
1726.18        -104.20       
1726.83        -104.16       
1727.42        -104.19       
1728.24        -104.16       
1728.81        -104.16       
1729.48        -104.18       
1730.23        -104.18       
1730.83        -104.18       
1731.45        -104.19       
1732.26        -104.21       
1732.81        -104.22       
1733.40        -104.14       
1734.25        -104.19       
1734.82        -104.20       
1735.45        -104.19       
1736.26        -104.18       
1736.87        -104.12       
1737.44        -104.18       
1738.26        -104.20       
1738.81        -104.13       
1739.42        -104.16       
1740.23        -104.12       
1740.87        -104.15       
1741.64        -104.17       
1742.44        -104.18       
1743.24        -104.19       
1743.84        -104.16       
1744.49        -104.14       
1745.22        -104.17       
1745.86        -104.15       
1746.45        -104.13       
1747.26        -104.17       
1747.88        -104.13       
1748.41        -104.14       
1749.28        -104.14       
1749.88        -104.15       
1750.48        -104.12       
1751.29        -104.17       
1751.86        -104.16       
1752.45        -104.17       
1753.25        -104.17       
1753.86        -104.17       
1754.47        -104.19       
1755.26        -104.18       
1755.86        -104.16       
1756.48        -104.16       
1757.25        -104.20       
1757.85        -104.26       
1758.44        -104.19       
1759.32        -104.16       
1759.89        -104.21       
1760.50        -104.15       
1761.30        -104.16       
1761.86        -104.17       
1762.51        -104.16       
1763.29        -104.17       
1763.86        -104.19       
1764.45        -104.19       
1765.31        -104.16       
1765.91        -104.21       
1766.69        -104.20       
1767.47        -104.17       
1768.30        -104.10       
1768.92        -104.16       
1769.67        -104.14       
1770.51        -104.21       
1771.33        -104.15       
1771.89        -104.19       
1772.48        -104.20       
1773.28        -104.20       
1773.92        -104.19       
1774.72        -104.15       
1775.50        -104.19       
1776.30        -104.20       
1776.90        -104.11       
1777.89        -104.17       
1778.55        -104.19       
1779.27        -104.17       
1779.88        -104.14       
1780.48        -104.16       
1781.32        -104.18       
1781.91        -104.21       
1782.51        -104.17       
1783.34        -104.17       
1783.93        -104.16       
1784.54        -104.21       
1785.38        -104.15       
1785.94        -104.18       
1786.72        -104.17       
1787.52        -104.14       
1788.14        -104.15       
1788.70        -104.16       
1789.55        -104.18       
1790.09        -104.18       
1790.70        -104.18       
1791.52        -104.12       
1792.32        -104.18       
1792.94        -104.15       
1793.80        -104.20       
1794.56        -104.16       
1795.14        -104.20       
1795.75        -104.16       
1796.55        -104.15       
1797.15        -104.12       
1797.76        -104.12       
1798.63        -104.15       
1799.15        -104.16       
1799.97        -104.13       
1800.73        -104.15       
1801.53        -104.18       
1802.19        -104.18       
1802.92        -104.11       
1803.72        -104.16       
1804.54        -104.15       
1805.14        -104.14       
1805.76        -104.14       
1806.55        -104.17       
1807.16        -104.18       
1807.77        -104.18       
1808.55        -104.20       
1809.17        -104.16       
1809.77        -104.15       
1810.57        -104.20       
1811.20        -104.13       
1811.78        -104.16       
1812.60        -104.16       
1813.11        -104.20       
1813.78        -104.20       
1814.58        -104.19       
1815.17        -104.19       
1815.78        -104.19       
1816.58        -104.18       
1817.18        -104.17       
1817.98        -104.18       
1818.76        -104.19       
1819.60        -104.16       
1820.16        -104.17       
1820.78        -104.20       
1821.56        -104.21       
1822.16        -104.20       
1822.79        -104.14       
1823.57        -104.15       
1824.23        -104.16       
1824.99        -104.18       
1825.77        -104.16       
1826.58        -104.21       
1827.22        -104.20       
1827.99        -104.21       
1828.80        -104.18       
1829.59        -104.17       
1830.21        -104.17       
1830.82        -104.18       
1831.68        -104.19       
1832.66        -104.19       
1833.21        -104.24       
1833.75        -104.17       
1834.56        -104.21       
1835.18        -104.18       
1835.79        -104.18       
1836.58        -104.16       
1837.17        -104.22       
1837.80        -104.14       
1838.57        -104.16       
1839.20        -104.15       
1839.83        -104.16       
1840.65        -104.13       
1841.20        -104.11       
1841.82        -104.15       
1842.63        -104.10       
1843.27        -104.13       
1844.00        -104.10       
1844.80        -104.09       
1845.65        -104.08       
1846.24        -104.10       
1847.07        -104.13       
1847.80        -104.12       
1848.62        -104.11       
1849.23        -104.08       
1849.78        -104.12       
1850.63        -100.94       
1851.21        -99.17        
1851.79        -87.15        
1852.68        -85.87        
1853.21        -85.83        
1853.83        -85.83        
1854.44        -85.80        
1855.01        -85.79        
1855.81        -85.80        
1856.48        -85.79        
1857.03        -85.79        
1857.82        -85.76        
1858.44        -85.76        
1859.05        -85.75        
1859.84        -85.75        
1860.46        -85.76        
1861.06        -85.76        
1861.86        -85.74        
1862.41        -85.75        
1863.03        -85.76        
1863.85        -85.75        
1864.44        -85.75        
1865.07        -85.75        
1865.90        -85.75        
1866.44        -85.75        
1867.05        -85.74        
1867.85        -85.75        
1868.46        -85.75        
1869.12        -85.76        
1869.87        -85.74        
1870.48        -85.75        
1871.08        -85.76        
1871.85        -85.75        
1872.48        -85.74        
1873.10        -85.74        
1873.83        -85.74        
1874.46        -85.74        
1875.27        -85.74        
1876.09        -85.74        
1876.87        -85.73        
1877.49        -85.74        
1878.03        -85.74        
1878.87        -85.74        
1879.49        -85.73        
1880.09        -85.74        
1880.87        -85.74        
1881.49        -85.76        
1882.05        -85.75        
1882.89        -85.76        
1883.51        -85.76        
1884.05        -85.76        
1884.87        -85.76        
1885.49        -85.75        
1886.11        -85.75        
1886.90        -85.74        
1887.45        -85.74        
1888.08        -85.74        
1888.85        -85.73        
1889.52        -85.75        
1890.11        -85.74        
1890.98        -85.74        
1891.54        -85.75        
1892.31        -85.75        
1893.17        -85.77        
1893.88        -85.76        
1894.50        -85.75        
1895.11        -85.76        
1895.88        -85.76        
1896.53        -85.74        
1897.33        -85.75        
1898.13        -85.76        
1898.97        -85.75        
1899.47        -85.73        
1900.08        -85.74        
1900.89        -85.75        
1901.55        -85.73        
1902.34        -85.75        
1903.09        -85.72        
1903.87        -85.75        
1904.49        -85.73        
1905.17        -85.74        
1905.96        -85.73        
1906.53        -85.73        
1907.15        -85.71        
1907.97        -85.74        
1908.50        -85.73        
1909.09        -85.74        
1909.94        -85.73        
1910.54        -85.72        
1911.35        -85.74        
1912.15        -85.72        
1912.96        -85.72        
1913.53        -85.73        
1914.17        -85.73        
1914.72        -85.72        
1915.37        -85.74        
1916.15        -85.73        
1916.76        -85.73        
1917.52        -85.73        
1918.14        -85.74        
